phalf
0.0000
0.0200
0.0310
0.0467
0.0683
0.0975
0.1361
0.1861
0.2499
0.3299
0.4288
0.5496
0.6952
0.8690
1.0742
1.3143
1.5928
1.9134
2.2797
2.6954
3.1642
3.6898
4.2759
4.9262
5.6441
6.4334
7.2974
8.2397
9.2634
10.3720
11.5685
12.8561
14.2377
15.7162
17.2945
18.9752
20.7610
22.6543
24.6577
26.7735
29.0039
31.3512
33.8174
36.4047
39.1149
41.9493
44.9082
47.9915
51.1990
54.5299
57.9834
61.5607
65.2695
69.1187
73.1187
77.2810
81.6182
86.1450
90.8774
95.8280
101.0047
106.4153
112.0681
117.9714
124.1337
130.5637
137.2703
144.2624
151.5493
159.1403
167.0450
175.2731
183.8344
192.7389
201.9969
211.6186
221.6146
231.9954
242.7719
253.9549
265.5556
277.5852
290.0548
302.9762
316.3607
330.2202
344.5663
359.4111
374.7666
390.6450
407.0583
424.0190
441.5395
459.6321
478.3096
497.5845
517.4198
537.7195
558.3430
579.1926
600.1668
621.1624
642.0764
662.8084
683.2620
703.3467
722.9795
742.0855
760.5996
778.4661
795.6396
812.0847
827.7756
842.6959
856.8376
870.2004
882.7910
894.6222
905.7116 
916.0815 
925.7571 
934.7666 
943.1399 
950.9082 
958.1037 
964.7584 
970.9046
976.5737
981.7968
986.6036
991.0230
995.0824
998.8081
1002.2250
1005.3562
1008.2239
1010.8487
1013.2500