phalf
0.0000
0.2000
0.3843
0.6365
0.9564
1.3448
1.8058
2.3478
2.9850
3.7397
4.6462
5.7565
7.1322
8.8366
10.9483
13.5647
16.8064
20.8227
25.7989
31.9642
39.6029
49.0671
60.1802
73.0663
87.7274
104.2288
122.6137
142.9017
165.0886
189.1466
215.0251
242.6523
272.0593
303.2174
336.0439
370.4072
406.1328
443.0086
480.7907
519.2093
557.9734
596.7774
635.3060
673.2403
710.2627
746.0635
780.3455
812.8303
843.2634
871.4203
897.1118
920.1893
940.5511
958.1477
972.9868
985.1399
994.7472
1002.0236
1007.2639
1010.8487
1013.2500