phalf
0.0000
0.0200
0.0398
0.0739
0.1291
0.2141
0.3395
0.5175
0.7617
1.0872
1.5099
2.0464
2.7136
3.5282
4.5069
5.6652
7.0181
8.5795
10.3617
12.3759
14.6316
17.1371
19.8987
22.9216
26.2090
29.7630
33.5843
37.6720
42.0242
46.6378
51.5086
56.6316
61.9984
67.5973
73.4150
79.4434
85.7016
92.2162
99.0182
106.1445
113.6382
121.5502
129.9403
138.8558
148.3260
158.3816
169.0545
180.3786
192.3889
205.1222
218.6172
232.9140
248.0547
264.0833
281.0456
298.9895
317.9651
338.0245
359.2221
381.6144
405.2606
430.2069
456.4813
483.8505
512.0662
540.8577
569.9401
599.0310
627.9668
656.6129
684.8491
712.5573
739.5739
765.7697
791.0376
815.2774
838.3507
860.1516
880.6080
899.6602
917.2205 
933.2247 
947.6584 
960.5245 
971.8169
981.5301
989.7322
996.8732
1002.8013
1007.4431
1010.8487
1013.2500